SoCT:3
1|8:00|16|San
2|8:00|22|Dam
3|8:30|30|Cot
-----------------------------------
San:4
Cot:5
Dam:6
-----------------------------------
KhoiLuong:6
-----------------------------------
ThoiGianTronTaiTram:3
-----------------------------------
SoTramTron:2
-----------------------------------
Tram:A
SoXe:3
ThoiGianDenCongTruong:16,13,19,22,21,24,16,22,24,19,18,22,14,14,15,19,8,23,22,20,18,20,22,21|23,18,12,14,24,13,21,18,17,22,20,13,18,15,14,8,9,18,22,13,21,21,10,19|12,11,12,22,18,8,22,16,11,8,20,8,16,18,14,15,24,12,8,24,21,23,24,11
ThoiGianTuCongTruongVe:19,14,21,19,16,23,17,11,11,12,21,12,8,16,8,16,24,22,21,14,13,16,23,22|10,23,19,15,9,9,9,12,21,10,9,17,14,18,10,15,8,16,9,18,22,11,9,16|23,22,19,12,17,15,22,9,10,24,9,17,23,12,16,18,22,20,23,8,9,11,16,9
-----------------------------------
Tram:B
SoXe:3
ThoiGianDenCongTruong:14,11,22,16,11,21,19,11,19,16,15,12,20,18,12,14,10,24,16,13,15,22,16,9|19,12,16,22,20,18,9,12,22,12,22,24,8,19,10,20,9,18,11,11,14,16,16,20|12,22,8,12,14,18,23,16,24,17,20,24,9,9,16,14,24,17,15,17,20,10,13,20
ThoiGianTuCongTruongVe:8,17,11,9,23,9,19,24,16,10,21,12,14,11,23,16,17,8,18,11,20,10,20,9|8,13,8,9,9,18,10,16,14,13,16,22,12,18,23,13,20,18,14,13,16,23,23,12|14,21,13,19,8,12,11,12,14,19,21,21,20,17,9,16,20,19,11,11,17,20,10,10
--------------- END ---------------